Frequency:   2.3500000000000000e+009 
Number_of_iterations:       7 
Shift:  (-5.6035887207761452e+003,  0.0000000000000000e+000) 
Propagation constant:  ( 3.5686719326340870e-002,  7.1373456486275913e+001)  Residual:   3.1617129568670000e-016 

Frequency:   2.3500000000000000e+009 
Number_of_iterations:       7 
Shift:  (-5.6035887207761452e+003,  0.0000000000000000e+000) 
Propagation constant:  ( 3.5686719334044735e-002,  7.1373456486262967e+001)  Residual:   3.8042288943919380e-016 

Frequency:   2.3500000000000000e+009 
Number_of_iterations:       7 
Shift:  (-5.6035887207761452e+003,  0.0000000000000000e+000) 
Propagation constant:  ( 3.5686719328846060e-002,  7.1373456486285178e+001)  Residual:   3.7541409670156476e-016 

Frequency:   2.3500000000000000e+009 
Number_of_iterations:       7 
Shift:  (-5.6035887207761452e+003,  0.0000000000000000e+000) 
Propagation constant:  ( 3.5686719328846060e-002,  7.1373456486285178e+001)  Residual:   3.7541409670156476e-016 

