Frequency:   2.3500000000000000e+009 
Number_of_iterations:       7 
Shift:  (-5.6035887207761452e+003,  0.0000000000000000e+000) 
Propagation constant:  ( 3.5686719342959430e-002,  7.1373456486183301e+001)  Residual:   2.6316751289995854e-016 

Frequency:   2.3500000000000000e+009 
Number_of_iterations:       7 
Shift:  (-5.6035887207761452e+003,  0.0000000000000000e+000) 
Propagation constant:  ( 3.5686719332151368e-002,  7.1373456486191799e+001)  Residual:   2.4267789912082376e-016 

Frequency:   2.3500000000000000e+009 
Number_of_iterations:       7 
Shift:  (-5.6035887207761452e+003,  0.0000000000000000e+000) 
Propagation constant:  ( 3.5686719350693258e-002,  7.1373456486189056e+001)  Residual:   2.5049713665383540e-016 

Frequency:   2.3500000000000000e+009 
Number_of_iterations:       7 
Shift:  (-5.6035887207761452e+003,  0.0000000000000000e+000) 
Propagation constant:  ( 3.5686719335360433e-002,  7.1373456486167342e+001)  Residual:   3.5289999873537553e-016 

