Frequency:   2.3500000000000000e+009 
Number_of_iterations:       7 
Shift:  (-5.6035887207761452e+003,  0.0000000000000000e+000) 
Propagation constant:  ( 3.5686719370398079e-002,  7.1373456486230126e+001)  Residual:   3.2511652901666820e-015 

Frequency:   2.3500000000000000e+009 
Number_of_iterations:       7 
Shift:  (-5.6035887207761452e+003,  0.0000000000000000e+000) 
Propagation constant:  ( 3.5686719391926525e-002,  7.1373456486144647e+001)  Residual:   2.1438223978572376e-014 

Frequency:   2.3500000000000000e+009 
Number_of_iterations:       7 
Shift:  (-5.6035887207761452e+003,  0.0000000000000000e+000) 
Propagation constant:  ( 3.5686719391926525e-002,  7.1373456486144647e+001)  Residual:   2.1438223978572376e-014 

Frequency:   2.3500000000000000e+009 
Number_of_iterations:       7 
Shift:  (-5.6035887207761452e+003,  0.0000000000000000e+000) 
Propagation constant:  ( 3.5686719391926525e-002,  7.1373456486144647e+001)  Residual:   2.1438223978572376e-014 

