Frequency:   2.3500000000000000e+009 
Number_of_iterations:       7 
Shift:  (-5.6035887207761452e+003,  0.0000000000000000e+000) 
Propagation constant:  ( 3.5686719308401581e-002,  7.1373456486019762e+001)  Residual:   1.2308204100249206e-015 

Frequency:   2.3500000000000000e+009 
Number_of_iterations:       7 
Shift:  (-5.6035887207761452e+003,  0.0000000000000000e+000) 
Propagation constant:  ( 3.5686719236085365e-002,  7.1373456486033021e+001)  Residual:   2.0454256086719264e-015 

Frequency:   2.3500000000000000e+009 
Number_of_iterations:       7 
Shift:  (-5.6035887207761452e+003,  0.0000000000000000e+000) 
Propagation constant:  ( 3.5686719372791366e-002,  7.1373456486177560e+001)  Residual:   1.4699525665466984e-015 

Frequency:   2.3500000000000000e+009 
Number_of_iterations:       7 
Shift:  (-5.6035887207761452e+003,  0.0000000000000000e+000) 
Propagation constant:  ( 3.5686719258812782e-002,  7.1373456486058487e+001)  Residual:   2.2203655742013389e-015 

