Frequency:   2.3500000000000000e+009 
Number_of_iterations:       7 
Shift:  (-5.6035887207761452e+003,  0.0000000000000000e+000) 
Propagation constant:  ( 3.5686719253924387e-002,  7.1373456486293151e+001)  Residual:   1.9505714259126149e-014 

Frequency:   2.3500000000000000e+009 
Number_of_iterations:       7 
Shift:  (-5.6035887207761452e+003,  0.0000000000000000e+000) 
Propagation constant:  ( 3.5686719332932826e-002,  7.1373456486311241e+001)  Residual:   7.6072968485584799e-016 

Frequency:   2.3500000000000000e+009 
Number_of_iterations:       7 
Shift:  (-5.6035887207761452e+003,  0.0000000000000000e+000) 
Propagation constant:  ( 3.5686719270351885e-002,  7.1373456486325324e+001)  Residual:   1.2478960790701384e-014 

Frequency:   2.3500000000000000e+009 
Number_of_iterations:       7 
Shift:  (-5.6035887207761452e+003,  0.0000000000000000e+000) 
Propagation constant:  ( 3.5686719270351885e-002,  7.1373456486325324e+001)  Residual:   1.2478960790701384e-014 

