Frequency:   2.3500000000000000e+009 
Number_of_iterations:       7 
Shift:  (-5.6035887207761452e+003,  0.0000000000000000e+000) 
Propagation constant:  ( 3.5686719344627478e-002,  7.1373456486265553e+001)  Residual:   4.5262073085143918e-016 

Frequency:   2.3500000000000000e+009 
Number_of_iterations:       7 
Shift:  (-5.6035887207761452e+003,  0.0000000000000000e+000) 
Propagation constant:  ( 3.5686719286707386e-002,  7.1373456486286869e+001)  Residual:   6.0790642934455362e-016 

Frequency:   2.3500000000000000e+009 
Number_of_iterations:       7 
Shift:  (-5.6035887207761452e+003,  0.0000000000000000e+000) 
Propagation constant:  ( 3.5686719323829982e-002,  7.1373456486296689e+001)  Residual:   3.0380821808529611e-016 

Frequency:   2.3500000000000000e+009 
Number_of_iterations:       7 
Shift:  (-5.6035887207761452e+003,  0.0000000000000000e+000) 
Propagation constant:  ( 3.5686719323829982e-002,  7.1373456486296689e+001)  Residual:   3.0380821808529611e-016 

