Frequency:   2.3500000000000000e+009 
Number_of_iterations:       7 
Shift:  (-5.6035887207761452e+003,  0.0000000000000000e+000) 
Propagation constant:  ( 3.5686719291471082e-002,  7.1373456486403484e+001)  Residual:   2.5959620020008843e-015 

Frequency:   2.3500000000000000e+009 
Number_of_iterations:       7 
Shift:  (-5.6035887207761452e+003,  0.0000000000000000e+000) 
Propagation constant:  ( 3.5686719347276033e-002,  7.1373456486669539e+001)  Residual:   4.0099806162437168e-014 

Frequency:   2.3500000000000000e+009 
Number_of_iterations:       7 
Shift:  (-5.6035887207761452e+003,  0.0000000000000000e+000) 
Propagation constant:  ( 3.5686719290195588e-002,  7.1373456486419514e+001)  Residual:   2.3914247801458502e-013 

Frequency:   2.3500000000000000e+009 
Number_of_iterations:       7 
Shift:  (-5.6035887207761452e+003,  0.0000000000000000e+000) 
Propagation constant:  ( 3.5686719291471082e-002,  7.1373456486403484e+001)  Residual:   2.5959620020008843e-015 

