Frequency:   2.3500000000000000e+009 
Number_of_iterations:       7 
Shift:  (-5.6035887207761452e+003,  0.0000000000000000e+000) 
Propagation constant:  ( 3.5686719344243147e-002,  7.1373456486291559e+001)  Residual:   1.5041102665413021e-016 

Frequency:   2.3500000000000000e+009 
Number_of_iterations:       7 
Shift:  (-5.6035887207761452e+003,  0.0000000000000000e+000) 
Propagation constant:  ( 3.5686719323453062e-002,  7.1373456486317821e+001)  Residual:   7.2733080822130387e-017 

Frequency:   2.3500000000000000e+009 
Number_of_iterations:       7 
Shift:  (-5.6035887207761452e+003,  0.0000000000000000e+000) 
Propagation constant:  ( 3.5686719323453062e-002,  7.1373456486317821e+001)  Residual:   7.2733080822130387e-017 

Frequency:   2.3500000000000000e+009 
Number_of_iterations:       7 
Shift:  (-5.6035887207761452e+003,  0.0000000000000000e+000) 
Propagation constant:  ( 3.5686719340863905e-002,  7.1373456486303454e+001)  Residual:   9.7835947736132366e-017 

