Frequency:   2.3500000000000000e+009 
Number_of_iterations:       7 
Shift:  (-5.6035887207761452e+003,  0.0000000000000000e+000) 
Propagation constant:  ( 3.5686719465830533e-002,  7.1373456486305543e+001)  Residual:   1.1898757883556180e-015 

Frequency:   2.3500000000000000e+009 
Number_of_iterations:       7 
Shift:  (-5.6035887207761452e+003,  0.0000000000000000e+000) 
Propagation constant:  ( 3.5686719465830533e-002,  7.1373456486305543e+001)  Residual:   1.1898757883556180e-015 

Frequency:   2.3500000000000000e+009 
Number_of_iterations:       7 
Shift:  (-5.6035887207761452e+003,  0.0000000000000000e+000) 
Propagation constant:  ( 3.5686719402793922e-002,  7.1373456486171023e+001)  Residual:   9.7632460409804919e-016 

Frequency:   2.3500000000000000e+009 
Number_of_iterations:       7 
Shift:  (-5.6035887207761452e+003,  0.0000000000000000e+000) 
Propagation constant:  ( 3.5686719402793922e-002,  7.1373456486171023e+001)  Residual:   9.7632460409804919e-016 

