Frequency:   2.3500000000000000e+009 
Number_of_iterations:       7 
Shift:  (-5.6035887207761452e+003,  0.0000000000000000e+000) 
Propagation constant:  ( 3.5686719233567941e-002,  7.1373456486210515e+001)  Residual:   8.3021730381435892e-016 

Frequency:   2.3500000000000000e+009 
Number_of_iterations:       7 
Shift:  (-5.6035887207761452e+003,  0.0000000000000000e+000) 
Propagation constant:  ( 3.5686719301284031e-002,  7.1373456486260835e+001)  Residual:   9.4142211841346369e-016 

Frequency:   2.3500000000000000e+009 
Number_of_iterations:       7 
Shift:  (-5.6035887207761452e+003,  0.0000000000000000e+000) 
Propagation constant:  ( 3.5686719267876185e-002,  7.1373456486284539e+001)  Residual:   1.1425615575590163e-015 

Frequency:   2.3500000000000000e+009 
Number_of_iterations:       7 
Shift:  (-5.6035887207761452e+003,  0.0000000000000000e+000) 
Propagation constant:  ( 3.5686719228664510e-002,  7.1373456486254099e+001)  Residual:   1.6311852254414843e-015 

