Frequency:   2.3500000000000000e+009 
Number_of_iterations:       7 
Shift:  (-5.6035887207761452e+003,  0.0000000000000000e+000) 
Propagation constant:  ( 3.5686719211601721e-002,  7.1373456486460242e+001)  Residual:   1.8605366016586841e-015 

Frequency:   2.3500000000000000e+009 
Number_of_iterations:       7 
Shift:  (-5.6035887207761452e+003,  0.0000000000000000e+000) 
Propagation constant:  ( 3.5686719211601721e-002,  7.1373456486460242e+001)  Residual:   1.6720059858518566e-015 

Frequency:   2.3500000000000000e+009 
Number_of_iterations:       7 
Shift:  (-5.6035887207761452e+003,  0.0000000000000000e+000) 
Propagation constant:  ( 3.5686719249912090e-002,  7.1373456486421702e+001)  Residual:   1.5916354057550608e-015 

Frequency:   2.3500000000000000e+009 
Number_of_iterations:       7 
Shift:  (-5.6035887207761452e+003,  0.0000000000000000e+000) 
Propagation constant:  ( 3.5686719233473087e-002,  7.1373456486469081e+001)  Residual:   1.6673749217863714e-015 

