Frequency:   2.3500000000000000e+009 
Number_of_iterations:       7 
Shift:  (-5.6035887207761452e+003,  0.0000000000000000e+000) 
Propagation constant:  ( 3.5686719311300068e-002,  7.1373456486308342e+001)  Residual:   1.9199707351439887e-016 

Frequency:   2.3500000000000000e+009 
Number_of_iterations:       7 
Shift:  (-5.6035887207761452e+003,  0.0000000000000000e+000) 
Propagation constant:  ( 3.5686719309434296e-002,  7.1373456486281228e+001)  Residual:   1.8625413425150741e-016 

Frequency:   2.3500000000000000e+009 
Number_of_iterations:       7 
Shift:  (-5.6035887207761452e+003,  0.0000000000000000e+000) 
Propagation constant:  ( 3.5686719311072174e-002,  7.1373456486320237e+001)  Residual:   2.0465288817353586e-016 

Frequency:   2.3500000000000000e+009 
Number_of_iterations:       7 
Shift:  (-5.6035887207761452e+003,  0.0000000000000000e+000) 
Propagation constant:  ( 3.5686719309434296e-002,  7.1373456486281228e+001)  Residual:   1.8625413425150741e-016 

